59

2 1 7
3 1 7
7 50 2 3 10 14 15 17 20 24 26 27 28 31 32 34 38 40 41 42 48 50 55 61 62 64 67 70 71 80 83 101 112 122 147 164 166 169 181 184 215 219 225 256 267 276 278 287 293 305 320 388
8 2 34 83
10 1 7
14 1 7
15 2 7 58
17 1 7
20 2 7 58
24 1 7
26 1 7
27 1 7
28 1 7
31 1 7
32 1 7
34 4 7 8 58 63
38 1 7
40 4 7 58 95 169
41 1 7
42 1 7
48 1 7
50 1 7
55 1 7
58 6 15 20 34 40 62 83
59 1 83
61 1 7
62 2 7 58
63 1 34
64 1 7
67 1 7
70 1 7
71 1 7
80 1 7
83 6 7 8 58 59 95 225
95 3 40 83 215
101 1 7
112 1 7
122 1 7
147 1 7
164 1 7
166 1 7
169 6 7 40 326 388 416 436
181 1 7
184 1 7
215 2 7 95
219 1 7
225 2 7 83
256 1 7
267 1 7
276 1 7
278 1 7
287 1 7
293 1 7
305 1 7
320 1 7
326 1 169
388 2 7 169
416 1 169
436 1 169
