65

1 1 71
2 2 12 71
7 1 71
8 1 71
12 2 2 135
14 1 71
15 2 71 252
20 1 252
22 1 71
24 1 71
26 1 71
27 1 71
28 1 71
31 1 71
34 1 71
38 1 71
40 1 71
41 1 71
42 1 71
48 1 71
49 1 284
50 1 71
55 1 71
58 1 71
59 1 252
62 2 71 252
64 1 71
65 1 252
66 1 71
67 1 71
68 1 71
71 43 1 2 7 8 14 15 22 24 26 27 28 31 34 38 40 41 42 48 50 55 58 62 64 66 67 68 77 80 83 101 108 112 122 166 169 181 192 199 215 244 256 309 350
77 1 71
80 1 71
83 2 71 252
89 1 252
95 1 252
96 1 252
101 1 71
107 1 252
108 1 71
112 1 71
122 1 71
135 1 12
166 1 71
169 1 71
173 1 252
181 1 71
192 1 71
194 1 252
199 1 71
215 1 71
221 1 252
225 1 252
244 1 71
252 20 15 20 59 62 65 83 89 95 96 107 173 194 221 225 254 256 267 276 278 359
254 1 252
256 2 71 252
267 1 252
276 1 252
278 1 252
284 1 49
309 1 71
350 1 71
359 1 252
