106

1 2 2 38
2 77 1 7 8 10 14 15 17 18 20 22 24 26 27 28 30 31 32 34 35 38 40 41 42 43 45 48 50 51 54 55 57 58 59 61 62 64 66 67 68 71 75 77 78 79 80 82 83 84 96 99 101 108 112 122 147 155 164 166 172 175 181 184 187 196 199 202 208 215 219 225 228 244 276 278 283 284 346
3 4 38 67 71 181
6 1 38
7 6 2 34 38 67 166 181
8 2 2 38
9 1 166
10 3 2 38 166
13 1 38
14 3 2 38 166
15 3 2 38 181
17 3 2 38 166
18 2 2 166
20 2 2 38
22 3 2 38 122
24 2 2 38
26 4 2 34 38 166
27 2 2 38
28 5 2 34 38 166 181
29 1 38
30 2 2 38
31 4 2 38 166 181
32 4 2 80 196 245
34 17 2 7 26 28 38 40 42 55 71 107 122 166 181 215 221 225 289
35 3 2 38 166
38 78 1 2 3 6 7 8 10 13 14 15 17 20 22 24 26 27 28 29 30 31 34 35 40 42 43 45 48 50 54 55 58 59 61 62 64 66 67 68 71 75 77 82 83 84 89 101 105 109 112 122 126 131 155 164 166 175 181 184 192 196 199 204 215 219 221 225 244 254 256 264 267 270 276 278 283 284 286 387
40 4 2 34 38 166
41 1 2
42 4 2 34 38 166
43 2 2 38
45 5 2 38 67 166 181
48 3 2 38 166
50 4 2 38 166 181
51 2 2 166
54 3 2 38 304
55 4 2 34 38 166
57 2 2 166
58 3 2 38 166
59 3 2 38 101
61 5 2 38 122 166 181
62 3 2 38 166
64 4 2 38 166 181
66 5 2 38 67 166 181
67 8 2 3 7 38 45 66 122 166
68 4 2 38 166 405
71 8 2 3 34 38 122 155 166 181
75 3 2 38 166
77 2 2 38
78 1 2
79 1 2
80 2 2 32
82 2 2 38
83 3 2 38 166
84 2 2 38
89 1 38
96 1 2
99 1 2
100 1 196
101 5 2 38 59 166 181
105 1 38
107 1 34
108 1 2
109 1 38
112 3 2 38 166
122 11 2 22 34 38 61 67 71 166 181 184 196
126 1 38
131 1 38
147 1 2
155 4 2 38 71 166
164 2 2 38
166 42 2 7 9 10 14 17 18 26 28 31 34 35 38 40 42 45 48 50 51 55 57 58 61 62 64 66 67 68 71 75 83 101 112 122 155 181 184 199 211 215 244 278
172 1 2
175 2 2 38
181 19 2 3 7 15 28 31 34 38 45 50 61 64 66 71 101 122 166 199 244
184 4 2 38 122 166
187 1 2
192 1 38
196 7 2 32 38 100 122 304 438
199 4 2 38 166 181
202 1 2
204 1 38
208 1 2
211 1 166
215 4 2 34 38 166
219 2 2 38
221 2 34 38
225 3 2 34 38
228 1 2
244 4 2 38 166 181
245 1 32
254 1 38
256 1 38
264 1 38
267 1 38
270 1 38
276 2 2 38
278 3 2 38 166
283 2 2 38
284 2 2 38
286 1 38
289 1 34
304 2 54 196
346 1 2
387 1 38
405 1 68
438 1 196
